{'all_ele_f1': {
    'spatial_entity': 0.8104776579352851, 
    'nonmotion_event': 0.5032258064516129, 
    'motion': 0.8395721925133689, 
    'spatial_signal': 0.7435897435897437, 
    'motion_signal': 0.7927272727272728, 
    'measure': 0.7246376811594202, 
    'place': 0.8088426527958387, 
    'path': 0.7459016393442623
    }, 'ele_f1': 0.7804706708816298,
     'all_role_f1': {'qstj': 0, 'qsld': 0.12698412698412698, 'qstr': 0.5899280575539569}
, 'role_f1': 0.5043988269794721, 'loss': 145.4073407491048}
